0
0
0
0
0
1
4
7
10
12
15
18
21
24
25
28
31
34
36
39
42
45
48
49
52
55
58
60
63
66
69
72
73
76
79
82
84
87
90
93
96
100
108
116
124
129
138
154
170
186
196
205
221
237
253
263
272
288
304
320
330
336
347
358
369
376
384
392
400
408
417
433
449
465
475
491
507
523
539
548
564
580
596
606
622
638
654
670
679
695
711
727
737
753
769
785
801
810
826
842
858
868
879
890
901
912
916
924
932
940
945
954
970
986
1002
1012
1021
1037
1053
1069
1079
1088
1104
1120
1136
1146
1152
1163
1174
1185
1192
1200
1208
1216
1224
1233
1249
1265
1281
1291
1307
1323
1339
1355
1364
1380
1396
1412
1422
1438
1454
1470
1486
1495
1511
1527
1543
1553
1569
1585
1601
1617
1626
1642
1658
1674
1684
1695
1706
1717
1728
1732
1740
1748
1756
1761
1770
1786
1802
1818
1828
1837
1853
1869
1885
1895
1904
1920
1936
1952
1962
1968
1979
1990
2001
2008
2016
2024
2032
2040
2049
2065
2081
2097
2107
2123
2139
2155
2171
2180
2196
2212
2228
2238
2254
2270
2286
2302
2311
2327
2343
2359
2369
2385
2401
2417
2433
2442
2458
2474
2490
2500
2511
2522
2533
2544
2548
2556
2564
2572
2577
2586
2602
2618
2634
2644
2653
2669
2685
2701
2711
2720
2736
2752
2768
2778
2784
2795
2806
2817
2824
2832
2840
2848
2856
2865
2881
2897
2913
2923
2939
2955
2971
2987
2996
3012
3028
3044
3054
3070
3086
3102
3118
3127
3143
3159
3175
3185
3201
3217
3233
3249
3258
3274
3290
3306
3316
3327
3338
3349
3360
