0
0
1
4
1
2
5
2
3
6
3
7
0
4
5
1
5
6
2
6
7
3
7
8
9
9
10
13
10
11
14
11
12
15
12
16
9
13
14
10
14
15
11
15
16
12
16
17
18
18
19
22
19
20
23
20
21
24
21
25
18
22
23
19
23
24
20
24
25
21
25
26
27
27
28
31
28
29
32
29
30
33
30
34
27
31
32
28
32
33
29
33
34
30
34
35
0
4
5
9
0
1
4
5
6
9
10
40
1
2
5
6
7
10
11
41
2
3
6
7
8
11
12
42
3
7
8
12
43
0
4
5
9
13
14
18
40
41
0
1
4
5
6
9
10
13
14
15
18
19
40
41
42
45
1
2
5
6
7
10
11
14
15
16
19
20
41
42
43
46
2
3
6
7
8
11
12
15
16
17
20
21
42
43
44
47
3
7
8
12
16
17
21
43
44
48
9
13
14
18
22
23
27
45
46
9
10
13
14
15
18
19
22
23
24
27
28
45
46
47
50
10
11
14
15
16
19
20
23
24
25
28
29
46
47
48
51
11
12
15
16
17
20
21
24
25
26
29
30
47
48
49
52
12
16
17
21
25
26
30
48
49
53
18
22
23
27
31
32
36
50
51
18
19
22
23
24
27
28
31
32
33
36
37
50
51
52
55
19
20
23
24
25
28
29
32
33
34
37
38
51
52
53
56
20
21
24
25
26
29
30
33
34
35
38
39
52
53
54
57
21
25
26
30
34
35
39
53
54
58
27
31
32
36
55
56
27
28
31
32
33
36
37
55
56
57
60
28
29
32
33
34
37
38
56
57
58
61
29
30
33
34
35
38
39
57
58
59
62
30
34
35
39
58
59
63
0
4
5
9
40
41
45
46
1
5
6
10
41
42
46
47
2
6
7
11
42
43
47
48
3
7
8
12
43
44
48
49
0
4
5
9
40
41
45
46
65
0
1
4
5
6
9
10
40
41
42
45
46
47
65
66
69
1
2
5
6
7
10
11
41
42
43
46
47
48
66
67
70
2
3
6
7
8
11
12
42
43
44
47
48
49
67
68
71
3
7
8
12
43
44
48
49
68
72
0
4
5
9
13
14
18
40
41
45
46
50
51
65
69
70
1
5
6
10
14
15
19
41
42
46
47
51
52
66
70
71
2
6
7
11
15
16
20
42
43
47
48
52
53
67
71
72
3
7
8
12
16
17
21
43
44
48
49
53
54
68
72
73
9
13
14
18
45
46
50
51
74
9
10
13
14
15
18
19
45
46
47
50
51
52
74
75
78
10
11
14
15
16
19
20
46
47
48
51
52
53
75
76
79
11
12
15
16
17
20
21
47
48
49
52
53
54
76
77
80
12
16
17
21
48
49
53
54
77
81
9
13
14
18
22
23
27
45
46
50
51
55
56
74
78
79
10
14
15
19
23
24
28
46
47
51
52
56
57
75
79
80
11
15
16
20
24
25
29
47
48
52
53
57
58
76
80
81
12
16
17
21
25
26
30
48
49
53
54
58
59
77
81
82
18
22
23
27
50
51
55
56
83
18
19
22
23
24
27
28
50
51
52
55
56
57
83
84
87
19
20
23
24
25
28
29
51
52
53
56
57
58
84
85
88
20
21
24
25
26
29
30
52
53
54
57
58
59
85
86
89
21
25
26
30
53
54
58
59
86
90
18
22
23
27
31
32
36
50
51
55
56
60
61
83
87
88
19
23
24
28
32
33
37
51
52
56
57
61
62
84
88
89
20
24
25
29
33
34
38
52
53
57
58
62
63
85
89
90
21
25
26
30
34
35
39
53
54
58
59
63
64
86
90
91
27
31
32
36
55
56
60
61
92
27
28
31
32
33
36
37
55
56
57
60
61
62
92
93
96
28
29
32
33
34
37
38
56
57
58
61
62
63
93
94
97
29
30
33
34
35
38
39
57
58
59
62
63
64
94
95
98
30
34
35
39
58
59
63
64
95
99
27
31
32
36
55
56
60
61
92
96
97
28
32
33
37
56
57
61
62
93
97
98
29
33
34
38
57
58
62
63
94
98
99
30
34
35
39
58
59
63
64
95
99
100
65
69
70
74
65
66
69
70
71
74
75
105
66
67
70
71
72
75
76
106
67
68
71
72
73
76
77
107
68
72
73
77
108
65
69
70
74
78
79
83
105
106
65
66
69
70
71
74
75
78
79
80
83
84
105
106
107
110
66
67
70
71
72
75
76
79
80
81
84
85
106
107
108
111
67
68
71
72
73
76
77
80
81
82
85
86
107
108
109
112
68
72
73
77
81
82
86
108
109
113
74
78
79
83
87
88
92
110
111
74
75
78
79
80
83
84
87
88
89
92
93
110
111
112
115
75
76
79
80
81
84
85
88
89
90
93
94
111
112
113
116
76
77
80
81
82
85
86
89
90
91
94
95
112
113
114
117
77
81
82
86
90
91
95
113
114
118
83
87
88
92
96
97
101
115
116
83
84
87
88
89
92
93
96
97
98
101
102
115
116
117
120
84
85
88
89
90
93
94
97
98
99
102
103
116
117
118
121
85
86
89
90
91
94
95
98
99
100
103
104
117
118
119
122
86
90
91
95
99
100
104
118
119
123
92
96
97
101
120
121
92
93
96
97
98
101
102
120
121
122
125
93
94
97
98
99
102
103
121
122
123
126
94
95
98
99
100
103
104
122
123
124
127
95
99
100
104
123
124
128
65
69
70
74
105
106
110
111
66
70
71
75
106
107
111
112
67
71
72
76
107
108
112
113
68
72
73
77
108
109
113
114
65
69
70
74
105
106
110
111
130
65
66
69
70
71
74
75
105
106
107
110
111
112
130
131
134
66
67
70
71
72
75
76
106
107
108
111
112
113
131
132
135
67
68
71
72
73
76
77
107
108
109
112
113
114
132
133
136
68
72
73
77
108
109
113
114
133
137
65
69
70
74
78
79
83
105
106
110
111
115
116
130
134
135
66
70
71
75
79
80
84
106
107
111
112
116
117
131
135
136
67
71
72
76
80
81
85
107
108
112
113
117
118
132
136
137
68
72
73
77
81
82
86
108
109
113
114
118
119
133
137
138
74
78
79
83
110
111
115
116
139
74
75
78
79
80
83
84
110
111
112
115
116
117
139
140
143
75
76
79
80
81
84
85
111
112
113
116
117
118
140
141
144
76
77
80
81
82
85
86
112
113
114
117
118
119
141
142
145
77
81
82
86
113
114
118
119
142
146
74
78
79
83
87
88
92
110
111
115
116
120
121
139
143
144
75
79
80
84
88
89
93
111
112
116
117
121
122
140
144
145
76
80
81
85
89
90
94
112
113
117
118
122
123
141
145
146
77
81
82
86
90
91
95
113
114
118
119
123
124
142
146
147
83
87
88
92
115
116
120
121
148
83
84
87
88
89
92
93
115
116
117
120
121
122
148
149
152
84
85
88
89
90
93
94
116
117
118
121
122
123
149
150
153
85
86
89
90
91
94
95
117
118
119
122
123
124
150
151
154
86
90
91
95
118
119
123
124
151
155
83
87
88
92
96
97
101
115
116
120
121
125
126
148
152
153
84
88
89
93
97
98
102
116
117
121
122
126
127
149
153
154
85
89
90
94
98
99
103
117
118
122
123
127
128
150
154
155
86
90
91
95
99
100
104
118
119
123
124
128
129
151
155
156
92
96
97
101
120
121
125
126
157
92
93
96
97
98
101
102
120
121
122
125
126
127
157
158
161
93
94
97
98
99
102
103
121
122
123
126
127
128
158
159
162
94
95
98
99
100
103
104
122
123
124
127
128
129
159
160
163
95
99
100
104
123
124
128
129
160
164
92
96
97
101
120
121
125
126
157
161
162
93
97
98
102
121
122
126
127
158
162
163
94
98
99
103
122
123
127
128
159
163
164
95
99
100
104
123
124
128
129
160
164
165
130
134
135
139
130
131
134
135
136
139
140
170
131
132
135
136
137
140
141
171
132
133
136
137
138
141
142
172
133
137
138
142
173
130
134
135
139
143
144
148
170
171
130
131
134
135
136
139
140
143
144
145
148
149
170
171
172
175
131
132
135
136
137
140
141
144
145
146
149
150
171
172
173
176
132
133
136
137
138
141
142
145
146
147
150
151
172
173
174
177
133
137
138
142
146
147
151
173
174
178
139
143
144
148
152
153
157
175
176
139
140
143
144
145
148
149
152
153
154
157
158
175
176
177
180
140
141
144
145
146
149
150
153
154
155
158
159
176
177
178
181
141
142
145
146
147
150
151
154
155
156
159
160
177
178
179
182
142
146
147
151
155
156
160
178
179
183
148
152
153
157
161
162
166
180
181
148
149
152
153
154
157
158
161
162
163
166
167
180
181
182
185
149
150
153
154
155
158
159
162
163
164
167
168
181
182
183
186
150
151
154
155
156
159
160
163
164
165
168
169
182
183
184
187
151
155
156
160
164
165
169
183
184
188
157
161
162
166
185
186
157
158
161
162
163
166
167
185
186
187
190
158
159
162
163
164
167
168
186
187
188
191
159
160
163
164
165
168
169
187
188
189
192
160
164
165
169
188
189
193
130
134
135
139
170
171
175
176
131
135
136
140
171
172
176
177
132
136
137
141
172
173
177
178
133
137
138
142
173
174
178
179
130
134
135
139
170
171
175
176
195
130
131
134
135
136
139
140
170
171
172
175
176
177
195
196
199
131
132
135
136
137
140
141
171
172
173
176
177
178
196
197
200
132
133
136
137
138
141
142
172
173
174
177
178
179
197
198
201
133
137
138
142
173
174
178
179
198
202
130
134
135
139
143
144
148
170
171
175
176
180
181
195
199
200
131
135
136
140
144
145
149
171
172
176
177
181
182
196
200
201
132
136
137
141
145
146
150
172
173
177
178
182
183
197
201
202
133
137
138
142
146
147
151
173
174
178
179
183
184
198
202
203
139
143
144
148
175
176
180
181
204
139
140
143
144
145
148
149
175
176
177
180
181
182
204
205
208
140
141
144
145
146
149
150
176
177
178
181
182
183
205
206
209
141
142
145
146
147
150
151
177
178
179
182
183
184
206
207
210
142
146
147
151
178
179
183
184
207
211
139
143
144
148
152
153
157
175
176
180
181
185
186
204
208
209
140
144
145
149
153
154
158
176
177
181
182
186
187
205
209
210
141
145
146
150
154
155
159
177
178
182
183
187
188
206
210
211
142
146
147
151
155
156
160
178
179
183
184
188
189
207
211
212
148
152
153
157
180
181
185
186
213
148
149
152
153
154
157
158
180
181
182
185
186
187
213
214
217
149
150
153
154
155
158
159
181
182
183
186
187
188
214
215
218
150
151
154
155
156
159
160
182
183
184
187
188
189
215
216
219
151
155
156
160
183
184
188
189
216
220
148
152
153
157
161
162
166
180
181
185
186
190
191
213
217
218
149
153
154
158
162
163
167
181
182
186
187
191
192
214
218
219
150
154
155
159
163
164
168
182
183
187
188
192
193
215
219
220
151
155
156
160
164
165
169
183
184
188
189
193
194
216
220
221
157
161
162
166
185
186
190
191
222
157
158
161
162
163
166
167
185
186
187
190
191
192
222
223
226
158
159
162
163
164
167
168
186
187
188
191
192
193
223
224
227
159
160
163
164
165
168
169
187
188
189
192
193
194
224
225
228
160
164
165
169
188
189
193
194
225
229
157
161
162
166
185
186
190
191
222
226
227
158
162
163
167
186
187
191
192
223
227
228
159
163
164
168
187
188
192
193
224
228
229
160
164
165
169
188
189
193
194
225
229
230
195
199
200
204
195
196
199
200
201
204
205
235
196
197
200
201
202
205
206
236
197
198
201
202
203
206
207
237
198
202
203
207
238
195
199
200
204
208
209
213
235
236
195
196
199
200
201
204
205
208
209
210
213
214
235
236
237
240
196
197
200
201
202
205
206
209
210
211
214
215
236
237
238
241
197
198
201
202
203
206
207
210
211
212
215
216
237
238
239
242
198
202
203
207
211
212
216
238
239
243
204
208
209
213
217
218
222
240
241
204
205
208
209
210
213
214
217
218
219
222
223
240
241
242
245
205
206
209
210
211
214
215
218
219
220
223
224
241
242
243
246
206
207
210
211
212
215
216
219
220
221
224
225
242
243
244
247
207
211
212
216
220
221
225
243
244
248
213
217
218
222
226
227
231
245
246
213
214
217
218
219
222
223
226
227
228
231
232
245
246
247
250
214
215
218
219
220
223
224
227
228
229
232
233
246
247
248
251
215
216
219
220
221
224
225
228
229
230
233
234
247
248
249
252
216
220
221
225
229
230
234
248
249
253
222
226
227
231
250
251
222
223
226
227
228
231
232
250
251
252
255
223
224
227
228
229
232
233
251
252
253
256
224
225
228
229
230
233
234
252
253
254
257
225
229
230
234
253
254
258
195
199
200
204
235
236
240
241
196
200
201
205
236
237
241
242
197
201
202
206
237
238
242
243
198
202
203
207
238
239
243
244
195
199
200
204
235
236
240
241
260
195
196
199
200
201
204
205
235
236
237
240
241
242
260
261
264
196
197
200
201
202
205
206
236
237
238
241
242
243
261
262
265
197
198
201
202
203
206
207
237
238
239
242
243
244
262
263
266
198
202
203
207
238
239
243
244
263
267
195
199
200
204
208
209
213
235
236
240
241
245
246
260
264
265
196
200
201
205
209
210
214
236
237
241
242
246
247
261
265
266
197
201
202
206
210
211
215
237
238
242
243
247
248
262
266
267
198
202
203
207
211
212
216
238
239
243
244
248
249
263
267
268
204
208
209
213
240
241
245
246
269
204
205
208
209
210
213
214
240
241
242
245
246
247
269
270
273
205
206
209
210
211
214
215
241
242
243
246
247
248
270
271
274
206
207
210
211
212
215
216
242
243
244
247
248
249
271
272
275
207
211
212
216
243
244
248
249
272
276
204
208
209
213
217
218
222
240
241
245
246
250
251
269
273
274
205
209
210
214
218
219
223
241
242
246
247
251
252
270
274
275
206
210
211
215
219
220
224
242
243
247
248
252
253
271
275
276
207
211
212
216
220
221
225
243
244
248
249
253
254
272
276
277
213
217
218
222
245
246
250
251
278
213
214
217
218
219
222
223
245
246
247
250
251
252
278
279
282
214
215
218
219
220
223
224
246
247
248
251
252
253
279
280
283
215
216
219
220
221
224
225
247
248
249
252
253
254
280
281
284
216
220
221
225
248
249
253
254
281
285
213
217
218
222
226
227
231
245
246
250
251
255
256
278
282
283
214
218
219
223
227
228
232
246
247
251
252
256
257
279
283
284
215
219
220
224
228
229
233
247
248
252
253
257
258
280
284
285
216
220
221
225
229
230
234
248
249
253
254
258
259
281
285
286
222
226
227
231
250
251
255
256
287
222
223
226
227
228
231
232
250
251
252
255
256
257
287
288
291
223
224
227
228
229
232
233
251
252
253
256
257
258
288
289
292
224
225
228
229
230
233
234
252
253
254
257
258
259
289
290
293
225
229
230
234
253
254
258
259
290
294
222
226
227
231
250
251
255
256
287
291
292
223
227
228
232
251
252
256
257
288
292
293
224
228
229
233
252
253
257
258
289
293
294
225
229
230
234
253
254
258
259
290
294
295
